RELATÓRIO DE ENGENHARIA DE ATRIBUTOS
------------------------------------
Dimensões do dataset após feature engineering: (45922, 16)
Estatísticas descritivas:
           latitude     longitude  minimo_noites  numero_de_reviews  reviews_por_mes  calculado_host_listings_count  disponibilidade_365  densidade_imoveis  proximidade_centro     price_log
count  4.592200e+04  4.592200e+04   4.592200e+04       4.592200e+04     4.592200e+04                   4.592200e+04         4.592200e+04       4.592200e+04        4.592200e+04  45922.000000
mean   3.442021e-14  2.072813e-13   8.819506e-18       4.951302e-17     2.970781e-17                  -4.951302e-18        -6.436692e-17       8.417213e-17        1.782469e-16      4.636686
std    1.000011e+00  1.000011e+00   1.000011e+00       1.000011e+00     1.000011e+00                   1.000011e+00         1.000011e+00       1.000011e+00        1.000011e+00      0.576676
min   -4.133392e+00 -6.319851e+00  -2.990361e-01      -5.283659e-01    -8.049604e-01                  -1.818785e-01        -8.395627e-01      -1.175348e+00       -1.663949e+00      0.000000
25%   -7.093831e-01 -6.712807e-01  -2.990361e-01      -5.062983e-01    -6.360497e-01                  -1.818785e-01        -8.395627e-01      -8.685152e-01       -6.799993e-01      4.189655
50%   -1.214549e-01 -7.816388e-02  -2.486780e-01      -4.180276e-01    -3.437043e-01                  -1.818785e-01        -5.401935e-01      -2.939162e-01       -2.038034e-01      4.615121
75%    6.307607e-01  3.533454e-01  -9.760392e-02       1.258071e-03     2.409866e-01                  -1.496289e-01         8.261581e-01       8.080768e-01        4.954122e-01      5.075174
max    3.335809e+00  5.115979e+00   6.259815e+01       1.335220e+01     3.719345e+01                   1.033149e+01         1.962226e+00       1.861237e+00        5.145769e+00      5.814131